1,3,5,4,7,0,2,0,9,10,12,0;0;-1


11,8,9,5,4,0,1,7,12,2,3,6;1;1
11,8,9,5,4,1,10,7,12,2,3,6


(贏則不roll)
0,1,0,2,5,0,7,8,9,10,0,12







1,2,0,4,0,6,7,8,9,10,11,0;0;11
1,2,0,4,0,6,7,8,9,10,3,0;1;8
1,2,0,4,0,6,7,0,9,10,3,0;0;3
		free:1,2,0,4,0,6,7,0,9,10,3,0;1;3
		dead:stock在對方位; 交叉stock; 
1,2,0,4,0,6,7,3,9,10,12,0;1;6(共贏)
1,2,0,4,0,0,7,3,9,10,12,0;0;3
1,2,0,4,3,0,7,5,9,10,12,0;1;2
1,0,0,4,3,0,7,5,9,10,12,0;0;3(內存溢出)
1,3,0,4,0,0,7,5,9,10,12,0;1;7
1,3,0,4,0,0,2,5,9,10,12,7;0;5
1,3,5,4,0,0,2,0,9,10,12,7;1;7
1,3,5,4,7,0,2,0,9,10,12,0;0;-1
